# Fields are number, contacting residues i & j (in library coordinates), and residues i & j (in PDB coordinates)
# n	i	j	pdbi	pdbj
0	0	1	50	51
1	0	2	50	52
2	0	3	50	53
3	0	160	50	217
4	0	164	50	221
5	0	167	50	224
6	1	2	51	52
7	1	3	51	53
8	1	167	51	224
9	1	171	51	228
10	1	315	51	372
11	1	317	51	374
12	1	318	51	375
13	2	3	52	53
14	2	5	52	55
15	2	277	52	334
16	3	4	53	54
17	3	5	53	55
18	3	54	53	105
19	3	63	53	114
20	3	124	53	177
21	3	160	53	217
22	3	277	53	334
23	4	5	54	55
24	4	7	54	57
25	4	8	54	58
26	4	60	54	111
27	4	61	54	112
28	5	6	55	56
29	5	7	55	57
30	5	8	55	58
31	5	9	55	59
32	5	19	55	70
33	5	317	55	374
34	6	7	56	57
35	6	8	56	58
36	6	9	56	59
37	6	10	56	60
38	6	19	56	70
39	6	122	56	175
40	6	123	56	176
41	6	124	56	177
42	6	277	56	334
43	7	8	57	58
44	7	9	57	59
45	7	10	57	60
46	7	11	57	61
47	7	54	57	105
48	7	55	57	106
49	7	56	57	107
50	7	61	57	112
51	7	97	57	150
52	8	9	58	59
53	8	12	58	62
54	9	10	59	60
55	9	12	59	62
56	9	14	59	65
57	9	19	59	70
58	10	11	60	61
59	10	12	60	62
60	10	13	60	63
61	10	14	60	65
62	10	97	60	150
63	11	12	61	62
64	12	13	62	63
65	14	15	65	66
66	14	19	65	70
67	15	16	66	67
68	16	17	67	68
69	16	18	67	69
70	16	19	67	70
71	16	20	67	71
72	17	18	68	69
73	17	19	68	70
74	17	20	68	71
75	17	92	68	144
76	18	19	69	70
77	18	20	69	71
78	19	20	70	71
79	19	123	70	176
80	20	21	71	72
81	20	92	71	144
82	20	93	71	146
83	20	94	71	147
84	20	95	71	148
85	20	120	71	173
86	20	122	71	175
87	21	22	72	73
88	21	120	72	173
89	21	121	72	174
90	21	123	72	176
91	21	126	72	179
92	21	127	72	180
93	21	131	72	184
94	22	23	73	74
95	22	92	73	144
96	22	120	73	173
97	23	24	74	75
98	23	131	74	184
99	24	25	75	76
100	24	117	75	170
101	24	118	75	171
102	24	362	75	416
103	25	26	76	77
104	25	27	76	78
105	25	135	76	188
106	25	138	76	191
107	25	360	76	414
108	25	361	76	415
109	25	362	76	416
110	26	27	77	78
111	26	28	77	79
112	26	116	77	169
113	26	360	77	414
114	26	362	77	416
115	27	28	78	79
116	27	31	78	82
117	27	107	78	160
118	27	114	78	167
119	27	115	78	168
120	27	117	78	170
121	27	357	78	411
122	27	359	78	413
123	28	29	79	80
124	28	114	79	167
125	28	357	79	411
126	28	360	79	414
127	29	30	80	81
128	29	113	80	166
129	29	357	80	411
130	30	31	81	82
131	30	113	81	166
132	30	357	81	411
133	31	32	82	83
134	31	33	82	84
135	31	36	82	87
136	31	107	82	160
137	31	115	82	168
138	31	142	82	195
139	31	357	82	411
140	32	33	83	84
141	32	34	83	85
142	32	35	83	86
143	32	142	83	195
144	32	146	83	199
145	32	149	83	202
146	33	34	84	85
147	33	36	84	87
148	33	75	84	126
149	33	107	84	160
150	34	35	85	86
151	34	37	85	88
152	35	36	86	87
153	35	37	86	88
154	35	38	86	89
155	35	142	86	195
156	35	145	86	198
157	35	146	86	199
158	36	37	87	88
159	36	38	87	89
160	36	39	87	90
161	36	40	87	91
162	36	107	87	160
163	36	117	87	170
164	36	138	87	191
165	36	142	87	195
166	37	38	88	89
167	37	39	88	90
168	37	41	88	92
169	37	70	88	121
170	37	71	88	122
171	37	73	88	124
172	37	75	88	126
173	38	39	89	90
174	38	41	89	92
175	38	145	89	198
176	39	40	90	91
177	39	41	90	92
178	39	42	90	93
179	39	43	90	94
180	39	138	90	191
181	39	141	90	194
182	39	142	90	195
183	39	145	90	198
184	40	41	91	92
185	40	43	91	94
186	40	71	91	122
187	40	73	91	124
188	40	119	91	172
189	40	138	91	191
190	41	42	92	93
191	41	44	92	95
192	41	45	92	96
193	41	70	92	121
194	41	71	92	122
195	42	43	93	94
196	42	44	93	95
197	42	45	93	96
198	42	46	93	97
199	42	141	93	194
200	42	145	93	198
201	42	150	93	206
202	42	151	93	208
203	43	44	94	95
204	43	45	94	96
205	43	46	94	97
206	43	47	94	98
207	43	50	94	101
208	43	134	94	187
209	43	137	94	190
210	43	138	94	191
211	43	141	94	194
212	43	275	94	332
213	44	45	95	96
214	44	50	95	101
215	44	51	95	102
216	44	71	95	122
217	44	103	95	156
218	45	46	96	97
219	45	51	96	102
220	45	68	96	119
221	46	47	97	98
222	46	137	97	190
223	46	151	97	208
224	46	153	97	210
225	46	154	97	211
226	46	155	97	212
227	46	156	97	213
228	46	159	97	216
229	47	48	98	99
230	47	49	98	100
231	47	50	98	101
232	47	51	98	102
233	47	133	98	186
234	47	137	98	190
235	47	156	98	213
236	47	159	98	216
237	47	273	98	330
238	47	274	98	331
239	47	275	98	332
240	48	49	99	100
241	48	50	99	101
242	48	51	99	102
243	48	52	99	103
244	48	65	99	116
245	48	159	99	216
246	48	161	99	218
247	49	50	100	101
248	49	51	100	102
249	49	52	100	103
250	49	125	100	178
251	49	160	100	217
252	50	51	101	102
253	50	103	101	156
254	50	121	101	174
255	50	125	101	178
256	50	275	101	332
257	51	52	102	103
258	51	65	102	116
259	51	66	102	117
260	51	67	102	118
261	51	68	102	119
262	52	53	103	104
263	52	54	103	105
264	52	63	103	114
265	52	64	103	115
266	52	65	103	116
267	53	54	104	105
268	53	55	104	106
269	53	64	104	115
270	53	66	104	117
271	53	98	104	151
272	53	99	104	152
273	54	55	105	106
274	54	63	105	114
275	54	102	105	155
276	54	124	105	177
277	54	125	105	178
278	55	56	106	107
279	55	61	106	112
280	55	62	106	113
281	55	64	106	115
282	56	57	107	108
283	56	59	107	110
284	56	60	107	111
285	56	61	107	112
286	56	62	107	113
287	57	58	108	109
288	57	59	108	110
289	57	62	108	113
290	58	59	109	110
291	59	60	110	111
292	60	61	111	112
293	61	62	112	113
294	62	63	113	114
295	63	64	114	115
296	63	160	114	217
297	63	164	114	221
298	64	65	115	116
299	64	66	115	117
300	65	66	116	117
301	65	161	116	218
302	66	67	117	118
303	66	69	117	120
304	67	68	118	119
305	68	69	119	120
306	69	70	120	121
307	69	101	120	154
308	70	71	121	122
309	71	72	122	123
310	71	73	122	124
311	71	103	122	156
312	71	104	122	157
313	71	105	122	158
314	71	119	122	172
315	72	73	123	124
316	72	74	123	125
317	73	74	124	125
318	73	75	124	126
319	73	105	124	158
320	73	106	124	159
321	73	107	124	160
322	73	117	124	170
323	74	75	125	126
324	74	106	125	159
325	75	76	126	127
326	75	107	126	160
327	76	77	127	128
328	76	87	127	139
329	76	106	127	159
330	76	108	127	161
331	77	78	128	129
332	78	79	129	130
333	78	83	129	135
334	78	84	129	136
335	78	87	129	139
336	78	108	129	161
337	78	109	129	162
338	78	110	129	163
339	78	116	129	169
340	79	80	130	131
341	79	110	130	163
342	80	110	131	163
343	81	82	133	134
344	82	83	134	135
345	82	85	134	137
346	83	84	135	136
347	83	86	135	138
348	84	85	136	137
349	84	86	136	138
350	84	88	136	140
351	84	108	136	161
352	84	110	136	163
353	84	116	136	169
354	84	362	136	416
355	85	86	137	138
356	85	88	137	140
357	85	89	137	141
358	86	87	138	139
359	86	89	138	141
360	86	90	138	142
361	87	88	139	140
362	87	89	139	141
363	87	90	139	142
364	87	106	139	159
365	87	108	139	161
366	87	118	139	171
367	88	89	140	141
368	88	91	140	143
369	88	118	140	171
370	88	362	140	416
371	89	90	141	142
372	89	91	141	143
373	89	366	141	421
374	90	91	142	143
375	90	92	142	144
376	90	93	142	146
377	91	92	143	144
378	91	104	143	157
379	91	106	143	159
380	91	118	143	171
381	91	120	143	173
382	93	94	146	147
383	93	104	146	157
384	94	95	147	148
385	94	104	147	157
386	95	96	148	149
387	95	101	148	154
388	95	102	148	155
389	95	103	148	156
390	95	104	148	157
391	95	120	148	173
392	95	121	148	174
393	95	122	148	175
394	96	97	149	150
395	96	98	149	151
396	96	99	149	152
397	96	100	149	153
398	96	102	149	155
399	97	98	150	151
400	97	102	150	155
401	97	122	150	175
402	97	124	150	177
403	98	99	151	152
404	99	100	152	153
405	100	101	153	154
406	100	102	153	155
407	101	102	154	155
408	102	103	155	156
409	102	121	155	174
410	102	122	155	175
411	102	124	155	177
412	102	125	155	178
413	103	104	156	157
414	103	121	156	174
415	103	134	156	187
416	104	105	157	158
417	104	120	157	173
418	105	106	158	159
419	105	118	158	171
420	105	119	158	172
421	106	107	159	160
422	106	117	159	170
423	106	118	159	171
424	107	108	160	161
425	107	115	160	168
426	107	117	160	170
427	108	109	161	162
428	108	115	161	168
429	108	116	161	169
430	108	118	161	171
431	109	110	162	163
432	109	111	162	164
433	109	112	162	165
434	109	115	162	168
435	110	111	163	164
436	110	114	163	167
437	110	116	163	169
438	111	112	164	165
439	111	113	164	166
440	111	114	164	167
441	112	113	165	166
442	113	114	166	167
443	114	115	167	168
444	115	116	168	169
445	116	117	169	170
446	116	118	169	171
447	116	362	169	416
448	117	118	170	171
449	117	119	170	172
450	117	138	170	191
451	118	119	171	172
452	118	362	171	416
453	119	120	172	173
454	119	134	172	187
455	119	138	172	191
456	120	121	173	174
457	121	122	174	175
458	121	126	174	179
459	121	130	174	183
460	121	131	174	184
461	121	134	174	187
462	121	275	174	332
463	122	123	175	176
464	122	124	175	177
465	122	126	175	179
466	123	124	176	177
467	123	125	176	178
468	123	126	176	179
469	123	127	176	180
470	123	277	176	334
471	123	279	176	336
472	124	125	177	178
473	124	277	177	334
474	125	126	178	179
475	125	276	178	333
476	126	127	179	180
477	126	130	179	183
478	126	275	179	332
479	126	276	179	333
480	126	277	179	334
481	127	128	180	181
482	127	129	180	182
483	127	130	180	183
484	127	266	180	323
485	127	276	180	333
486	127	278	180	335
487	127	279	180	336
488	128	129	181	182
489	128	130	181	183
490	128	342	181	399
491	129	130	182	183
492	129	131	182	184
493	129	133	182	186
494	129	264	182	321
495	129	266	182	323
496	129	272	182	329
497	130	131	183	184
498	130	132	183	185
499	130	133	183	186
500	130	134	183	187
501	130	266	183	323
502	130	275	183	332
503	130	276	183	333
504	131	132	184	185
505	131	133	184	186
506	131	134	184	187
507	132	133	185	186
508	132	136	185	189
509	133	134	186	187
510	133	136	186	189
511	133	137	186	190
512	133	273	186	330
513	133	275	186	332
514	134	135	187	188
515	134	138	187	191
516	134	275	187	332
517	135	136	188	189
518	135	138	188	191
519	136	137	189	190
520	137	138	190	191
521	137	141	190	194
522	137	153	190	210
523	138	139	191	192
524	139	140	192	193
525	139	143	192	196
526	139	359	192	413
527	140	141	193	194
528	140	143	193	196
529	140	153	193	210
530	141	142	194	195
531	141	144	194	197
532	141	145	194	198
533	141	151	194	208
534	141	152	194	209
535	141	153	194	210
536	142	143	195	196
537	142	144	195	197
538	142	146	195	199
539	142	357	195	411
540	143	144	196	197
541	143	147	196	200
542	143	148	196	201
543	144	145	197	198
544	144	148	197	201
545	144	152	197	209
546	145	146	198	199
547	145	149	198	202
548	145	151	198	208
549	145	152	198	209
550	146	147	199	200
551	147	148	200	201
552	147	356	200	410
553	148	149	201	202
554	151	152	208	209
555	151	153	208	210
556	152	153	209	210
557	153	154	210	211
558	154	155	211	212
559	155	156	212	213
560	155	157	212	214
561	156	157	213	214
562	156	158	213	215
563	156	159	213	216
564	156	273	213	330
565	156	274	213	331
566	157	158	214	215
567	157	270	214	327
568	158	159	215	216
569	158	162	215	219
570	158	268	215	325
571	158	270	215	327
572	158	271	215	328
573	158	274	215	331
574	159	160	216	217
575	159	161	216	218
576	159	162	216	219
577	159	274	216	331
578	160	161	217	218
579	160	162	217	219
580	160	163	217	220
581	160	276	217	333
582	160	277	217	334
583	160	278	217	335
584	161	162	218	219
585	161	163	218	220
586	161	164	218	221
587	161	165	218	222
588	162	163	219	220
589	162	164	219	221
590	162	165	219	222
591	163	164	220	221
592	163	166	220	223
593	163	167	220	224
594	163	265	220	322
595	163	271	220	328
596	163	278	220	335
597	164	165	221	222
598	164	166	221	223
599	164	167	221	224
600	165	166	222	223
601	165	169	222	226
602	166	167	223	224
603	166	170	223	227
604	166	268	223	325
605	166	313	223	370
606	167	168	224	225
607	167	169	224	226
608	167	170	224	227
609	167	171	224	228
610	168	169	225	226
611	168	172	225	229
612	169	170	226	227
613	170	171	227	228
614	170	172	227	229
615	170	175	227	232
616	170	176	227	233
617	170	179	227	236
618	170	313	227	370
619	170	314	227	371
620	171	172	228	229
621	171	176	228	233
622	171	315	228	372
623	171	318	228	375
624	172	173	229	230
625	173	174	230	231
626	174	175	231	232
627	174	176	231	233
628	174	177	231	234
629	174	178	231	235
630	175	176	232	233
631	175	178	232	235
632	176	177	233	234
633	176	180	233	237
634	176	314	233	371
635	176	318	233	375
636	177	178	234	235
637	177	180	234	237
638	177	181	234	238
639	178	179	235	236
640	178	180	235	237
641	178	181	235	238
642	179	180	236	237
643	179	181	236	238
644	179	182	236	239
645	179	183	236	240
646	179	311	236	368
647	179	312	236	369
648	179	313	236	370
649	179	314	236	371
650	180	181	237	238
651	180	182	237	239
652	180	184	237	241
653	180	314	237	371
654	180	322	237	379
655	181	182	238	239
656	181	184	238	241
657	182	183	239	240
658	182	184	239	241
659	182	185	239	242
660	182	186	239	243
661	182	307	239	364
662	182	308	239	365
663	182	311	239	368
664	183	184	240	241
665	183	185	240	242
666	183	186	240	243
667	183	187	240	244
668	183	282	240	339
669	183	283	240	340
670	183	308	240	365
671	183	311	240	368
672	183	314	240	371
673	183	319	240	376
674	183	323	240	380
675	184	185	241	242
676	184	188	241	245
677	184	322	241	379
678	184	323	241	380
679	185	186	242	243
680	185	188	242	245
681	186	187	243	244
682	186	285	243	342
683	186	304	243	361
684	187	188	244	245
685	187	190	244	247
686	187	258	244	315
687	187	283	244	340
688	187	285	244	342
689	187	323	244	380
690	187	334	244	391
691	188	189	245	246
692	188	285	245	342
693	189	190	246	247
694	189	285	246	342
695	190	191	247	248
696	190	258	247	315
697	190	285	247	342
698	191	192	248	249
699	191	254	248	311
700	191	256	248	313
701	191	258	248	315
702	192	193	249	250
703	192	325	249	382
704	192	336	249	393
705	192	864	249	916
706	193	194	250	251
707	193	202	250	259
708	193	254	250	311
709	193	331	250	388
710	193	336	250	393
711	193	866	250	918
712	193	929	250	980
713	194	195	251	252
714	194	196	251	253
715	194	248	251	305
716	194	252	251	309
717	194	254	251	311
718	194	336	251	393
719	194	372	251	427
720	195	196	252	253
721	195	197	252	254
722	195	252	252	309
723	195	254	252	311
724	195	866	252	918
725	196	197	253	254
726	196	198	253	255
727	196	248	253	305
728	196	251	253	308
729	196	252	253	309
730	196	337	253	394
731	196	373	253	428
732	196	395	253	451
733	196	403	253	459
734	197	198	254	255
735	197	251	254	308
736	197	252	254	309
737	197	395	254	451
738	197	796	254	848
739	198	199	255	256
740	198	200	255	257
741	198	201	255	258
742	198	394	255	450
743	198	395	255	451
744	199	200	256	257
745	199	395	256	451
746	199	396	256	452
747	199	399	256	455
748	200	201	257	258
749	200	392	257	448
750	200	393	257	449
751	200	394	257	450
752	200	395	257	451
753	200	396	257	452
754	201	202	258	259
755	201	203	258	260
756	202	203	259	260
757	202	330	259	387
758	202	331	259	388
759	202	372	259	427
760	202	394	259	450
761	203	204	260	261
762	203	205	260	262
763	203	330	260	387
764	203	394	260	450
765	204	205	261	262
766	204	329	261	386
767	204	330	261	387
768	205	206	262	263
769	205	329	262	386
770	206	207	263	264
771	206	208	263	265
772	206	329	263	386
773	206	330	263	387
774	206	331	263	388
775	206	332	263	389
776	206	370	263	425
777	206	371	263	426
778	207	208	264	265
779	207	209	264	266
780	207	393	264	449
781	208	209	265	266
782	208	369	265	424
783	208	370	265	425
784	209	210	266	267
785	209	369	266	424
786	209	392	266	448
787	210	211	267	268
788	210	369	267	424
789	210	390	267	446
790	210	391	267	447
791	210	392	267	448
792	211	212	268	269
793	211	389	268	445
794	211	390	268	446
795	211	392	268	448
796	211	397	268	453
797	212	213	269	270
798	212	367	269	422
799	212	387	269	443
800	212	388	269	444
801	212	389	269	445
802	212	390	269	446
803	212	397	269	453
804	213	214	270	271
805	213	390	270	446
806	213	397	270	453
807	213	400	270	456
808	213	401	270	457
809	214	215	271	272
810	215	216	272	273
811	215	375	272	430
812	215	377	272	432
813	215	386	272	441
814	215	387	272	443
815	215	404	272	460
816	215	407	272	463
817	216	217	273	274
818	216	380	273	435
819	216	384	273	439
820	216	386	273	441
821	216	408	273	464
822	217	218	274	275
823	217	221	274	278
824	217	222	274	279
825	217	225	274	282
826	217	385	274	440
827	217	408	274	464
828	217	411	274	467
829	218	219	275	276
830	218	220	275	277
831	218	221	275	278
832	218	222	275	279
833	218	384	275	439
834	219	220	276	277
835	219	222	276	279
836	219	384	276	439
837	220	221	277	278
838	221	222	278	279
839	221	223	278	280
840	221	224	278	281
841	221	225	278	282
842	221	411	278	467
843	221	412	278	468
844	222	223	279	280
845	222	224	279	281
846	222	225	279	282
847	222	226	279	283
848	222	384	279	439
849	222	385	279	440
850	223	224	280	281
851	223	225	280	282
852	223	226	280	283
853	224	225	281	282
854	224	227	281	284
855	224	228	281	285
856	224	415	281	471
857	225	226	282	283
858	225	227	282	284
859	225	228	282	285
860	225	229	282	286
861	225	236	282	293
862	225	239	282	296
863	225	411	282	467
864	225	415	282	471
865	226	227	283	284
866	226	229	283	286
867	226	236	283	293
868	226	379	283	434
869	227	228	284	285
870	227	229	284	286
871	227	230	284	287
872	227	231	284	288
873	228	229	285	286
874	228	231	285	288
875	228	232	285	289
876	228	239	285	296
877	228	294	285	351
878	228	298	285	355
879	228	414	285	470
880	228	415	285	471
881	228	418	285	474
882	229	230	286	287
883	229	231	286	288
884	229	234	286	291
885	229	235	286	292
886	229	236	286	293
887	229	239	286	296
888	230	231	287	288
889	231	232	288	289
890	231	418	288	474
891	232	233	289	290
892	232	234	289	291
893	232	295	289	352
894	232	298	289	355
895	232	418	289	474
896	233	234	290	291
897	233	302	290	359
898	234	235	291	292
899	234	238	291	295
900	234	239	291	296
901	234	298	291	355
902	234	302	291	359
903	235	236	292	293
904	235	237	292	294
905	235	238	292	295
906	235	239	292	296
907	236	237	293	294
908	236	239	293	296
909	236	240	293	297
910	236	341	293	398
911	236	379	293	434
912	236	385	293	440
913	237	238	294	295
914	237	241	294	298
915	237	261	294	318
916	237	284	294	341
917	237	305	294	362
918	237	339	294	396
919	237	341	294	398
920	238	239	295	296
921	238	240	295	297
922	238	241	295	298
923	238	301	295	358
924	238	302	295	359
925	238	305	295	362
926	238	306	295	363
927	239	240	296	297
928	239	241	296	298
929	239	242	296	299
930	239	298	296	355
931	240	241	297	298
932	240	242	297	299
933	240	243	297	300
934	240	339	297	396
935	240	341	297	398
936	240	375	297	430
937	240	377	297	432
938	240	411	297	467
939	241	242	298	299
940	241	243	298	300
941	241	245	298	302
942	241	259	298	316
943	241	284	298	341
944	241	301	298	358
945	241	305	298	362
946	241	339	298	396
947	242	243	299	300
948	242	246	299	303
949	242	297	299	354
950	242	298	299	355
951	242	301	299	358
952	243	244	300	301
953	243	246	300	303
954	243	407	300	463
955	243	410	300	466
956	243	411	300	467
957	243	414	300	470
958	244	245	301	302
959	244	246	301	303
960	244	247	301	304
961	244	248	301	305
962	244	259	301	316
963	244	337	301	394
964	244	338	301	395
965	244	339	301	396
966	244	373	301	428
967	244	375	301	430
968	244	388	301	444
969	244	403	301	459
970	244	407	301	463
971	245	246	302	303
972	245	257	302	314
973	245	259	302	316
974	245	286	302	343
975	245	288	302	345
976	246	247	303	304
977	246	249	303	306
978	246	250	303	307
979	246	288	303	345
980	246	297	303	354
981	246	410	303	466
982	246	422	303	478
983	246	423	303	479
984	247	248	304	305
985	247	249	304	306
986	247	250	304	307
987	247	251	304	308
988	247	403	304	459
989	247	406	304	462
990	247	407	304	463
991	247	410	304	466
992	247	427	304	483
993	248	249	305	306
994	248	250	305	307
995	248	252	305	309
996	248	257	305	314
997	248	337	305	394
998	249	250	306	307
999	249	257	306	314
1000	249	288	306	345
1001	249	423	306	479
1002	250	251	307	308
1003	250	410	307	466
1004	250	423	307	479
1005	250	425	307	481
1006	250	427	307	483
1007	250	787	307	839
1008	250	797	307	849
1009	251	252	308	309
1010	251	403	308	459
1011	251	406	308	462
1012	251	794	308	846
1013	251	797	308	849
1014	252	253	309	310
1015	252	254	309	311
1016	253	254	310	311
1017	254	255	311	312
1018	254	865	311	917
1019	254	866	311	918
1020	255	256	312	313
1021	255	287	312	344
1022	255	289	312	346
1023	256	257	313	314
1024	256	285	313	342
1025	256	286	313	343
1026	256	287	313	344
1027	257	258	314	315
1028	257	259	314	316
1029	258	259	315	316
1030	258	283	315	340
1031	258	284	315	341
1032	258	285	315	342
1033	258	334	315	391
1034	258	335	315	392
1035	259	260	316	317
1036	259	335	316	392
1037	259	337	316	394
1038	259	338	316	395
1039	259	339	316	396
1040	260	261	317	318
1041	260	282	317	339
1042	260	335	317	392
1043	260	338	317	395
1044	261	262	318	319
1045	261	281	318	338
1046	261	284	318	341
1047	261	338	318	395
1048	261	339	318	396
1049	262	263	319	320
1050	262	279	319	336
1051	262	280	319	337
1052	262	281	319	338
1053	262	338	319	395
1054	262	339	319	396
1055	262	340	319	397
1056	263	264	320	321
1057	263	279	320	336
1058	263	280	320	337
1059	263	282	320	339
1060	263	312	320	369
1061	264	265	321	322
1062	264	266	321	323
1063	264	312	321	369
1064	265	266	322	323
1065	265	267	322	324
1066	265	278	322	335
1067	265	312	322	369
1068	265	313	322	370
1069	266	267	323	324
1070	266	268	323	325
1071	266	271	323	328
1072	266	272	323	329
1073	266	274	323	331
1074	266	278	323	335
1075	267	268	324	325
1076	267	312	324	369
1077	267	313	324	370
1078	268	269	325	326
1079	268	270	325	327
1080	268	271	325	328
1081	269	270	326	327
1082	269	271	326	328
1083	269	272	326	329
1084	270	271	327	328
1085	271	272	328	329
1086	271	273	328	330
1087	271	274	328	331
1088	271	278	328	335
1089	272	273	329	330
1090	273	274	330	331
1091	274	275	331	332
1092	274	278	331	335
1093	275	276	332	333
1094	275	278	332	335
1095	276	277	333	334
1096	276	278	333	335
1097	277	278	334	335
1098	277	279	334	336
1099	278	279	335	336
1100	279	280	336	337
1101	280	281	337	338
1102	280	312	337	369
1103	280	314	337	371
1104	280	315	337	372
1105	280	316	337	373
1106	281	282	338	339
1107	281	316	338	373
1108	281	335	338	392
1109	281	338	338	395
1110	282	283	339	340
1111	282	308	339	365
1112	282	309	339	366
1113	282	312	339	369
1114	283	284	340	341
1115	283	316	340	373
1116	283	334	340	391
1117	283	335	340	392
1118	284	285	341	342
1119	284	304	341	361
1120	284	305	341	362
1121	284	308	341	365
1122	285	286	342	343
1123	285	304	342	361
1124	286	287	343	344
1125	286	288	343	345
1126	286	297	343	354
1127	286	300	343	357
1128	286	301	343	358
1129	286	304	343	361
1130	287	288	344	345
1131	287	289	344	346
1132	287	300	344	357
1133	287	304	344	361
1134	288	289	345	346
1135	288	290	345	347
1136	288	292	345	349
1137	288	297	345	354
1138	288	422	345	478
1139	288	423	345	479
1140	289	290	346	347
1141	290	291	347	348
1142	290	292	347	349
1143	291	292	348	349
1144	291	421	348	477
1145	291	423	348	479
1146	291	789	348	841
1147	292	293	349	350
1148	292	296	349	353
1149	292	297	349	354
1150	292	421	349	477
1151	292	422	349	478
1152	293	294	350	351
1153	293	295	350	352
1154	293	296	350	353
1155	293	419	350	475
1156	293	420	350	476
1157	293	421	350	477
1158	294	295	351	352
1159	294	296	351	353
1160	294	298	351	355
1161	294	414	351	470
1162	294	418	351	474
1163	294	420	351	476
1164	294	422	351	478
1165	294	425	351	481
1166	295	296	352	353
1167	296	297	353	354
1168	296	299	353	356
1169	297	298	354	355
1170	297	299	354	356
1171	297	300	354	357
1172	297	301	354	358
1173	297	422	354	478
1174	298	299	355	356
1175	298	300	355	357
1176	298	302	355	359
1177	299	300	356	357
1178	299	302	356	359
1179	300	301	357	358
1180	300	302	357	359
1181	300	304	357	361
1182	301	302	358	359
1183	301	305	358	362
1184	302	303	359	360
1185	302	306	359	363
1186	303	304	360	361
1187	303	305	360	362
1188	303	306	360	363
1189	303	307	360	364
1190	304	305	361	362
1191	304	307	361	364
1192	304	308	361	365
1193	305	306	362	363
1194	305	307	362	364
1195	305	308	362	365
1196	305	309	362	366
1197	306	307	363	364
1198	306	308	363	365
1199	306	309	363	366
1200	306	310	363	367
1201	307	308	364	365
1202	307	310	364	367
1203	307	311	364	368
1204	308	309	365	366
1205	308	310	365	367
1206	309	310	366	367
1207	309	312	366	369
1208	310	311	367	368
1209	311	312	368	369
1210	312	313	369	370
1211	312	314	369	371
1212	313	314	370	371
1213	313	315	370	372
1214	314	315	371	372
1215	314	318	371	375
1216	314	319	371	376
1217	315	316	372	373
1218	315	317	372	374
1219	315	318	372	375
1220	315	319	372	376
1221	316	317	373	374
1222	316	318	373	375
1223	316	319	373	376
1224	316	320	373	377
1225	316	334	373	391
1226	316	335	373	392
1227	317	318	374	375
1228	317	319	374	376
1229	317	320	374	377
1230	318	319	375	376
1231	318	321	375	378
1232	318	322	375	379
1233	319	320	376	377
1234	319	321	376	378
1235	319	322	376	379
1236	319	323	376	380
1237	320	321	377	378
1238	320	327	377	384
1239	320	333	377	390
1240	320	334	377	391
1241	321	322	378	379
1242	322	323	379	380
1243	323	324	380	381
1244	323	325	380	382
1245	323	334	380	391
1246	324	325	381	382
1247	325	326	382	383
1248	325	864	382	916
1249	326	327	383	384
1250	326	928	383	979
1251	327	328	384	385
1252	327	333	384	390
1253	328	329	385	386
1254	328	330	385	387
1255	328	331	385	388
1256	329	330	386	387
1257	330	331	387	388
1258	331	332	388	389
1259	331	336	388	393
1260	331	864	388	916
1261	332	333	389	390
1262	332	335	389	392
1263	332	336	389	393
1264	332	371	389	426
1265	333	334	390	391
1266	333	335	390	392
1267	333	336	390	393
1268	334	335	391	392
1269	334	336	391	393
1270	335	336	392	393
1271	335	337	392	394
1272	335	338	392	395
1273	335	371	392	426
1274	336	337	393	394
1275	336	371	393	426
1276	336	372	393	427
1277	337	338	394	395
1278	337	372	394	427
1279	337	373	394	428
1280	338	339	395	396
1281	338	371	395	426
1282	338	374	395	429
1283	339	340	396	397
1284	339	375	396	430
1285	340	341	397	398
1286	340	375	397	430
1287	340	376	397	431
1288	341	342	398	399
1289	341	377	398	432
1290	341	378	398	433
1291	341	379	398	434
1292	341	385	398	440
1293	342	343	399	400
1294	342	378	399	433
1295	343	344	400	401
1296	344	352	401	402
1297	344	378	401	433
1298	344	379	401	434
1299	352	353	402	403
1300	352	354	402	404
1301	352	378	402	433
1302	353	354	403	404
1303	355	356	409	410
1304	356	357	410	411
1305	357	358	411	412
1306	357	359	411	413
1307	358	359	412	413
1308	358	360	412	414
1309	359	360	413	414
1310	360	361	414	415
1311	361	362	415	416
1312	363	364	418	419
1313	363	367	418	422
1314	364	365	419	420
1315	365	366	420	421
1316	365	367	420	422
1317	366	367	421	422
1318	367	368	422	423
1319	367	376	422	431
1320	367	387	422	443
1321	367	389	422	445
1322	368	369	423	424
1323	368	370	423	425
1324	369	370	424	425
1325	369	371	424	426
1326	369	390	424	446
1327	369	391	424	447
1328	370	371	425	426
1329	371	372	426	427
1330	372	373	427	428
1331	372	391	427	447
1332	372	394	427	450
1333	372	395	427	451
1334	373	374	428	429
1335	373	388	428	444
1336	373	390	428	446
1337	373	395	428	451
1338	373	403	428	459
1339	374	375	429	430
1340	374	376	429	431
1341	374	388	429	444
1342	374	389	429	445
1343	375	376	430	431
1344	375	377	430	432
1345	375	388	430	444
1346	375	407	430	463
1347	376	377	431	432
1348	376	387	431	443
1349	376	389	431	445
1350	377	378	432	433
1351	377	385	432	440
1352	377	386	432	441
1353	378	379	433	434
1354	378	380	433	435
1355	378	385	433	440
1356	379	380	434	435
1357	380	381	435	436
1358	380	382	435	437
1359	380	384	435	439
1360	380	386	435	441
1361	381	382	436	437
1362	381	383	436	438
1363	382	383	437	438
1364	382	384	437	439
1365	383	384	438	439
1366	384	385	439	440
1367	385	386	440	441
1368	387	388	443	444
1369	387	389	443	445
1370	388	389	444	445
1371	388	400	444	456
1372	388	403	444	459
1373	388	404	444	460
1374	389	390	445	446
1375	390	391	446	447
1376	390	392	446	448
1377	390	395	446	451
1378	390	396	446	452
1379	390	397	446	453
1380	390	400	446	456
1381	391	392	447	448
1382	391	393	447	449
1383	391	394	447	450
1384	392	393	448	449
1385	392	394	448	450
1386	393	394	449	450
1387	394	395	450	451
1388	395	396	451	452
1389	395	399	451	455
1390	395	400	451	456
1391	396	397	452	453
1392	396	398	452	454
1393	396	399	452	455
1394	396	400	452	456
1395	397	398	453	454
1396	397	399	453	455
1397	397	401	453	457
1398	398	399	454	455
1399	398	401	454	457
1400	398	402	454	458
1401	399	400	455	456
1402	399	401	455	457
1403	399	402	455	458
1404	400	401	456	457
1405	400	402	456	458
1406	400	403	456	459
1407	401	402	457	458
1408	402	403	458	459
1409	402	404	458	460
1410	402	405	458	461
1411	402	406	458	462
1412	402	432	458	488
1413	402	795	458	847
1414	403	404	459	460
1415	403	405	459	461
1416	403	406	459	462
1417	404	405	460	461
1418	404	406	460	462
1419	404	407	460	463
1420	404	408	460	464
1421	405	406	461	462
1422	406	407	462	463
1423	406	410	462	466
1424	406	427	462	483
1425	406	428	462	484
1426	406	432	462	488
1427	406	794	462	846
1428	407	408	463	464
1429	407	410	463	466
1430	407	411	463	467
1431	408	409	464	465
1432	408	410	464	466
1433	408	411	464	467
1434	409	410	465	466
1435	409	412	465	468
1436	409	427	465	483
1437	410	411	466	467
1438	410	412	466	468
1439	410	414	466	470
1440	410	422	466	478
1441	410	425	466	481
1442	410	427	466	483
1443	411	412	467	468
1444	411	413	467	469
1445	411	414	467	470
1446	412	413	468	469
1447	413	414	469	470
1448	413	416	469	472
1449	413	420	469	476
1450	413	425	469	481
1451	414	415	470	471
1452	414	422	470	478
1453	414	425	470	481
1454	415	416	471	472
1455	416	417	472	473
1456	417	418	473	474
1457	417	419	473	475
1458	417	420	473	476
1459	418	419	474	475
1460	419	420	475	476
1461	420	421	476	477
1462	420	425	476	481
1463	421	422	477	478
1464	421	423	477	479
1465	421	424	477	480
1466	421	789	477	841
1467	422	423	478	479
1468	422	425	478	481
1469	423	424	479	480
1470	423	789	479	841
1471	424	425	480	481
1472	424	789	480	841
1473	425	426	481	482
1474	426	427	482	483
1475	427	428	483	484
1476	427	794	483	846
1477	428	429	484	485
1478	428	432	484	488
1479	428	433	484	489
1480	428	436	484	492
1481	428	792	484	844
1482	428	794	484	846
1483	429	430	485	486
1484	429	431	485	487
1485	429	433	485	489
1486	430	431	486	487
1487	431	432	487	488
1488	431	435	487	491
1489	432	433	488	489
1490	432	435	488	491
1491	432	436	488	492
1492	432	794	488	846
1493	432	795	488	847
1494	433	434	489	490
1495	433	435	489	491
1496	433	437	489	493
1497	433	792	489	844
1498	433	828	489	880
1499	434	435	490	491
1500	434	438	490	494
1501	434	439	490	495
1502	435	436	491	492
1503	435	439	491	495
1504	435	440	491	496
1505	436	437	492	493
1506	436	440	492	496
1507	436	794	492	846
1508	436	795	492	847
1509	436	845	492	897
1510	437	438	493	494
1511	437	441	493	497
1512	437	784	493	836
1513	437	792	493	844
1514	437	828	493	880
1515	438	439	494	495
1516	438	441	494	497
1517	439	440	495	496
1518	439	441	495	497
1519	439	442	495	498
1520	440	441	496	497
1521	440	795	496	847
1522	440	845	496	897
1523	440	847	496	899
1524	440	849	496	901
1525	441	442	497	498
1526	441	443	497	499
1527	441	777	497	829
1528	441	782	497	834
1529	441	783	497	835
1530	441	784	497	836
1531	442	443	498	499
1532	443	444	499	500
1533	443	777	499	829
1534	443	778	499	830
1535	443	779	499	831
1536	443	780	499	832
1537	443	781	499	833
1538	444	445	500	501
1539	444	780	500	832
1540	445	446	501	502
1541	445	447	501	503
1542	445	627	501	687
1543	445	779	501	831
1544	445	780	501	832
1545	446	447	502	503
1546	447	448	503	504
1547	447	449	503	505
1548	447	620	503	680
1549	447	623	503	683
1550	447	627	503	687
1551	447	779	503	831
1552	447	780	503	832
1553	448	449	504	505
1554	448	451	504	507
1555	448	623	504	683
1556	449	450	505	506
1557	449	806	505	858
1558	450	451	506	507
1559	451	452	507	508
1560	451	455	507	511
1561	451	456	507	512
1562	451	459	507	515
1563	451	619	507	679
1564	452	453	508	509
1565	452	454	508	510
1566	452	455	508	511
1567	452	456	508	512
1568	452	592	508	645
1569	452	615	508	675
1570	452	619	508	679
1571	453	454	509	510
1572	453	455	509	511
1573	453	456	509	512
1574	453	522	509	578
1575	453	615	509	675
1576	453	618	509	678
1577	453	619	509	679
1578	453	622	509	682
1579	454	455	510	511
1580	454	457	510	513
1581	454	458	510	514
1582	454	522	510	578
1583	454	523	510	579
1584	454	615	510	675
1585	455	456	511	512
1586	455	457	511	513
1587	455	458	511	514
1588	455	459	511	515
1589	455	592	511	645
1590	456	457	512	513
1591	456	619	512	679
1592	456	622	512	682
1593	456	623	512	683
1594	456	657	512	717
1595	457	458	513	514
1596	457	459	513	515
1597	457	460	513	516
1598	457	461	513	517
1599	457	479	513	535
1600	457	482	513	538
1601	457	483	513	539
1602	457	519	513	575
1603	457	523	513	579
1604	457	656	513	716
1605	458	459	514	515
1606	458	461	514	517
1607	458	462	514	518
1608	458	483	514	539
1609	458	523	514	579
1610	458	589	514	642
1611	459	460	515	516
1612	459	463	515	519
1613	460	461	516	517
1614	460	462	516	518
1615	460	463	516	519
1616	460	464	516	520
1617	460	479	516	535
1618	460	656	516	716
1619	460	657	516	717
1620	460	658	516	718
1621	460	659	516	719
1622	461	462	517	518
1623	461	464	517	520
1624	461	465	517	521
1625	461	479	517	535
1626	461	480	517	536
1627	461	483	517	539
1628	461	589	517	642
1629	462	463	518	519
1630	462	465	518	521
1631	462	480	518	536
1632	462	589	518	642
1633	463	464	519	520
1634	463	465	519	521
1635	464	465	520	521
1636	464	467	520	523
1637	464	479	520	535
1638	465	466	521	522
1639	465	479	521	535
1640	465	480	521	536
1641	466	467	522	523
1642	466	478	522	534
1643	467	468	523	524
1644	467	478	523	534
1645	467	479	523	535
1646	468	469	524	525
1647	468	470	524	526
1648	468	471	524	527
1649	468	476	524	532
1650	468	478	524	534
1651	468	479	524	535
1652	468	661	524	721
1653	469	470	525	526
1654	469	478	525	534
1655	469	479	525	535
1656	469	482	525	538
1657	469	661	525	721
1658	470	471	526	527
1659	470	476	526	532
1660	470	477	526	533
1661	470	482	526	538
1662	470	512	526	568
1663	470	515	526	571
1664	470	662	526	722
1665	470	664	526	724
1666	471	472	527	528
1667	471	476	527	532
1668	471	663	527	723
1669	471	664	527	724
1670	471	683	527	743
1671	472	473	528	529
1672	472	510	528	566
1673	472	511	528	567
1674	472	512	528	568
1675	472	664	528	724
1676	472	667	528	727
1677	473	474	529	530
1678	473	666	529	726
1679	474	475	530	531
1680	475	476	531	532
1681	475	512	531	568
1682	476	477	532	533
1683	477	478	533	534
1684	477	481	533	537
1685	477	512	533	568
1686	478	479	534	535
1687	478	480	534	536
1688	478	481	534	537
1689	478	482	534	538
1690	479	480	535	536
1691	479	482	535	538
1692	479	655	535	715
1693	479	656	535	716
1694	479	659	535	719
1695	479	660	535	720
1696	480	481	536	537
1697	480	482	536	538
1698	480	483	536	539
1699	480	484	536	540
1700	480	589	536	642
1701	481	482	537	538
1702	481	483	537	539
1703	481	484	537	540
1704	482	483	538	539
1705	482	484	538	540
1706	482	485	538	541
1707	482	515	538	571
1708	482	516	538	572
1709	482	519	538	575
1710	482	656	538	716
1711	483	484	539	540
1712	483	486	539	542
1713	483	487	539	543
1714	483	523	539	579
1715	483	589	539	642
1716	484	485	540	541
1717	484	486	540	542
1718	484	487	540	543
1719	484	488	540	544
1720	484	587	540	640
1721	485	486	541	542
1722	485	488	541	544
1723	485	516	541	572
1724	485	581	541	635
1725	485	582	541	636
1726	486	487	542	543
1727	486	488	542	544
1728	486	490	542	546
1729	486	516	542	572
1730	486	519	542	575
1731	486	520	542	576
1732	486	523	542	579
1733	487	488	543	544
1734	487	489	543	545
1735	487	490	543	546
1736	487	523	543	579
1737	487	587	543	640
1738	487	588	543	641
1739	487	589	543	642
1740	488	489	544	545
1741	488	581	544	635
1742	488	582	544	636
1743	488	585	544	638
1744	488	586	544	639
1745	488	587	544	640
1746	489	490	545	546
1747	489	491	545	547
1748	489	493	545	549
1749	489	516	545	572
1750	489	517	545	573
1751	489	520	545	576
1752	489	553	545	609
1753	489	571	545	625
1754	489	573	545	627
1755	489	581	545	635
1756	490	491	546	547
1757	490	493	546	549
1758	490	494	546	550
1759	490	520	546	576
1760	490	523	546	579
1761	490	524	546	580
1762	490	590	546	643
1763	491	492	547	548
1764	491	493	547	549
1765	491	494	547	550
1766	491	495	547	551
1767	491	585	547	638
1768	491	586	547	639
1769	491	588	547	641
1770	491	589	547	642
1771	491	590	547	643
1772	492	493	548	549
1773	492	495	548	551
1774	492	571	548	625
1775	492	580	548	634
1776	492	581	548	635
1777	492	585	548	638
1778	493	494	549	550
1779	493	495	549	551
1780	493	496	549	552
1781	493	498	549	554
1782	493	504	549	560
1783	493	520	549	576
1784	493	521	549	577
1785	493	524	549	580
1786	493	551	549	607
1787	493	553	549	609
1788	493	571	549	625
1789	494	495	550	551
1790	494	496	550	552
1791	494	499	550	555
1792	494	590	550	643
1793	495	496	551	552
1794	496	497	552	553
1795	496	498	552	554
1796	496	551	552	607
1797	496	569	552	623
1798	496	571	552	625
1799	497	498	553	554
1800	497	550	553	606
1801	498	499	554	555
1802	498	502	554	558
1803	498	504	554	560
1804	498	524	554	580
1805	498	526	554	582
1806	498	550	554	606
1807	498	551	554	607
1808	499	500	555	556
1809	499	502	555	558
1810	499	525	555	581
1811	499	526	555	582
1812	500	501	556	557
1813	500	502	556	558
1814	500	525	556	581
1815	500	594	556	654
1816	501	502	557	558
1817	501	503	557	559
1818	501	594	557	654
1819	501	595	557	655
1820	501	810	557	862
1821	502	503	558	559
1822	502	526	558	582
1823	502	550	558	606
1824	503	504	559	560
1825	503	529	559	585
1826	503	547	559	603
1827	503	548	559	604
1828	503	549	559	605
1829	503	598	559	658
1830	504	505	560	561
1831	504	521	560	577
1832	504	549	560	605
1833	504	551	560	607
1834	504	553	560	609
1835	505	506	561	562
1836	505	529	561	585
1837	505	531	561	587
1838	505	544	561	600
1839	505	549	561	605
1840	505	552	561	608
1841	506	507	562	563
1842	506	508	562	564
1843	506	517	562	573
1844	506	518	562	574
1845	506	521	562	577
1846	506	528	562	584
1847	506	531	562	587
1848	506	553	562	609
1849	506	643	562	703
1850	507	508	563	564
1851	507	531	563	587
1852	507	533	563	589
1853	507	552	563	608
1854	507	560	563	614
1855	507	562	563	616
1856	508	509	564	565
1857	508	511	564	567
1858	508	514	564	570
1859	508	533	564	589
1860	508	555	564	611
1861	508	573	564	627
1862	509	510	565	566
1863	509	514	565	570
1864	509	533	565	589
1865	509	555	565	611
1866	509	667	565	727
1867	509	670	565	730
1868	510	511	566	567
1869	510	514	566	570
1870	510	639	566	699
1871	510	640	566	700
1872	510	641	566	701
1873	510	642	566	702
1874	510	664	566	724
1875	510	665	566	725
1876	510	666	566	726
1877	510	667	566	727
1878	510	668	566	728
1879	510	671	566	731
1880	511	512	567	568
1881	511	513	567	569
1882	511	514	567	570
1883	511	555	567	611
1884	511	664	567	724
1885	512	513	568	569
1886	512	514	568	570
1887	512	516	568	572
1888	513	514	569	570
1889	513	516	569	572
1890	513	517	569	573
1891	513	573	569	627
1892	513	574	569	628
1893	514	515	570	571
1894	514	517	570	573
1895	514	643	570	703
1896	514	652	570	712
1897	514	664	570	724
1898	515	516	571	572
1899	515	517	571	573
1900	515	519	571	575
1901	515	652	571	712
1902	515	656	571	716
1903	515	662	571	722
1904	515	664	571	724
1905	516	517	572	573
1906	516	520	572	576
1907	516	581	572	635
1908	517	518	573	574
1909	517	520	573	576
1910	517	521	573	577
1911	517	553	573	609
1912	517	573	573	627
1913	518	519	574	575
1914	518	520	574	576
1915	518	521	574	577
1916	518	522	574	578
1917	518	528	574	584
1918	518	652	574	712
1919	518	653	574	713
1920	519	520	575	576
1921	519	521	575	577
1922	519	522	575	578
1923	519	523	575	579
1924	519	653	575	713
1925	519	656	575	716
1926	520	521	576	577
1927	520	522	576	578
1928	520	523	576	579
1929	520	524	576	580
1930	521	522	577	578
1931	521	523	577	579
1932	521	524	577	580
1933	521	526	577	582
1934	521	527	577	583
1935	521	528	577	584
1936	521	553	577	609
1937	522	523	578	579
1938	522	524	578	580
1939	522	596	578	656
1940	522	615	578	675
1941	522	653	578	713
1942	523	524	579	580
1943	523	525	579	581
1944	524	525	580	581
1945	524	590	580	643
1946	525	526	581	582
1947	526	527	582	583
1948	527	528	583	584
1949	527	595	583	655
1950	527	596	583	656
1951	527	597	583	657
1952	527	598	583	658
1953	528	529	584	585
1954	528	530	584	586
1955	528	597	584	657
1956	528	649	584	709
1957	528	653	584	713
1958	529	530	585	586
1959	529	531	585	587
1960	529	547	585	603
1961	529	598	585	658
1962	529	600	585	660
1963	530	531	586	587
1964	530	599	586	659
1965	530	643	586	703
1966	530	644	586	704
1967	531	532	587	588
1968	531	533	587	589
1969	531	540	587	596
1970	531	543	587	599
1971	531	544	587	600
1972	531	552	587	608
1973	531	562	587	616
1974	531	643	587	703
1975	532	533	588	589
1976	532	534	588	590
1977	532	535	588	591
1978	532	540	588	596
1979	532	642	588	702
1980	532	643	588	703
1981	533	534	589	590
1982	533	535	589	591
1983	533	540	589	596
1984	533	560	589	614
1985	534	535	590	591
1986	535	536	591	592
1987	535	539	591	595
1988	535	540	591	596
1989	535	945	591	996
1990	535	946	591	997
1991	536	537	592	593
1992	536	538	592	594
1993	536	540	592	596
1994	537	538	593	594
1995	537	539	593	595
1996	537	540	593	596
1997	537	541	593	597
1998	538	539	594	595
1999	539	540	595	596
2000	539	542	595	598
2001	539	543	595	599
2002	539	602	595	662
2003	539	608	595	668
2004	540	541	596	597
2005	540	542	596	598
2006	540	543	596	599
2007	540	544	596	600
2008	540	562	596	616
2009	541	542	597	598
2010	541	544	597	600
2011	541	562	597	616
2012	542	543	598	599
2013	542	544	598	600
2014	542	546	598	602
2015	542	607	598	667
2016	542	608	598	668
2017	543	544	599	600
2018	543	547	599	603
2019	543	600	599	660
2020	544	545	600	601
2021	544	547	600	603
2022	544	549	600	605
2023	544	552	600	608
2024	544	562	600	616
2025	544	563	600	617
2026	544	564	600	618
2027	545	546	601	602
2028	546	547	602	603
2029	546	600	602	660
2030	546	813	602	865
2031	547	548	603	604
2032	547	549	603	605
2033	547	600	603	660
2034	547	813	603	865
2035	548	549	604	605
2036	549	550	605	606
2037	549	568	605	622
2038	550	551	606	607
2039	550	568	606	622
2040	551	552	607	608
2041	551	553	607	609
2042	551	569	607	623
2043	551	571	607	625
2044	552	553	608	609
2045	552	554	608	610
2046	552	564	608	618
2047	552	570	608	624
2048	553	554	609	610
2049	553	571	609	625
2050	553	573	609	627
2051	554	555	610	611
2052	554	560	610	614
2053	554	562	610	616
2054	554	563	610	617
2055	554	570	610	624
2056	554	573	610	627
2057	555	556	611	612
2058	555	560	611	614
2059	555	573	611	627
2060	555	574	611	628
2061	556	557	612	613
2062	556	560	612	614
2063	556	574	612	628
2064	556	575	612	629
2065	557	560	613	614
2066	560	561	614	615
2067	561	562	615	616
2068	562	563	616	617
2069	563	564	617	618
2070	564	565	618	619
2071	564	568	618	622
2072	565	566	619	620
2073	565	568	619	622
2074	566	567	620	621
2075	567	568	621	622
2076	568	569	622	623
2077	569	570	623	624
2078	570	571	624	625
2079	571	572	625	626
2080	571	581	625	635
2081	572	573	626	627
2082	572	577	626	631
2083	572	578	626	632
2084	572	581	626	635
2085	573	574	627	628
2086	573	578	627	632
2087	573	581	627	635
2088	574	575	628	629
2089	574	578	628	632
2090	575	576	629	630
2091	575	577	629	631
2092	575	578	629	632
2093	576	577	630	631
2094	576	578	630	632
2095	576	579	630	633
2096	577	578	631	632
2097	577	580	631	634
2098	578	579	632	633
2099	578	580	632	634
2100	578	581	632	635
2101	578	582	632	636
2102	579	580	633	634
2103	579	582	633	636
2104	580	581	634	635
2105	581	582	635	636
2106	581	584	635	637
2107	581	585	635	638
2108	582	584	636	637
2109	584	585	637	638
2110	585	586	638	639
2111	586	587	639	640
2112	586	588	639	641
2113	587	588	640	641
2114	588	589	641	642
2115	589	590	642	643
2116	590	591	643	644
2117	591	592	644	645
2118	591	593	644	646
2119	592	593	645	646
2120	594	595	654	655
2121	594	614	654	674
2122	594	615	654	675
2123	594	810	654	862
2124	595	596	655	656
2125	595	598	655	658
2126	595	612	655	672
2127	595	613	655	673
2128	595	614	655	674
2129	595	615	655	675
2130	595	810	655	862
2131	596	597	656	657
2132	596	614	656	674
2133	596	615	656	675
2134	596	618	656	678
2135	597	598	657	658
2136	597	599	657	659
2137	597	613	657	673
2138	597	618	657	678
2139	597	649	657	709
2140	597	753	657	807
2141	597	754	657	808
2142	598	599	658	659
2143	598	600	658	660
2144	598	610	658	670
2145	598	611	658	671
2146	598	612	658	672
2147	598	813	658	865
2148	599	600	659	660
2149	599	644	659	704
2150	599	646	659	706
2151	599	649	659	709
2152	599	750	659	804
2153	600	601	660	661
2154	600	608	660	668
2155	600	609	660	669
2156	600	610	660	670
2157	600	813	660	865
2158	601	602	661	662
2159	601	603	661	663
2160	601	608	661	668
2161	601	609	661	669
2162	601	611	661	671
2163	602	603	662	663
2164	603	604	663	664
2165	603	606	663	666
2166	603	607	663	667
2167	603	608	663	668
2168	604	605	664	665
2169	605	606	665	666
2170	606	607	666	667
2171	607	608	667	668
2172	607	815	667	867
2173	608	609	668	669
2174	609	610	669	670
2175	609	812	669	864
2176	609	815	669	867
2177	609	818	669	870
2178	609	822	669	874
2179	610	611	670	671
2180	610	812	670	864
2181	610	813	670	865
2182	611	612	671	672
2183	611	613	671	673
2184	611	750	671	804
2185	611	751	671	805
2186	611	809	671	861
2187	611	812	671	864
2188	612	613	672	673
2189	612	809	672	861
2190	612	810	672	862
2191	612	811	672	863
2192	612	812	672	864
2193	612	813	672	865
2194	613	614	673	674
2195	613	618	673	678
2196	613	753	673	807
2197	613	809	673	861
2198	614	615	674	675
2199	614	618	674	678
2200	614	810	674	862
2201	615	616	675	676
2202	615	617	675	677
2203	615	619	675	679
2204	616	617	676	677
2205	616	619	676	679
2206	617	618	677	678
2207	617	753	677	807
2208	617	806	677	858
2209	617	807	677	859
2210	618	619	678	679
2211	618	620	678	680
2212	618	621	678	681
2213	618	622	678	682
2214	618	649	678	709
2215	618	753	678	807
2216	619	620	679	680
2217	619	621	679	681
2218	619	622	679	682
2219	619	623	679	683
2220	620	621	680	681
2221	620	779	680	831
2222	620	780	680	832
2223	620	806	680	858
2224	620	807	680	859
2225	621	622	681	682
2226	621	624	681	684
2227	621	625	681	685
2228	621	650	681	710
2229	621	746	681	800
2230	621	753	681	807
2231	621	754	681	808
2232	621	755	681	809
2233	621	807	681	859
2234	622	623	682	683
2235	622	624	682	684
2236	622	625	682	685
2237	622	650	682	710
2238	622	653	682	713
2239	622	654	682	714
2240	623	624	683	684
2241	623	627	683	687
2242	624	625	684	685
2243	624	626	684	686
2244	624	627	684	687
2245	624	628	684	688
2246	624	629	684	689
2247	624	746	684	800
2248	624	758	684	812
2249	624	778	684	830
2250	624	779	684	831
2251	625	626	685	686
2252	625	629	685	689
2253	625	650	685	710
2254	625	654	685	714
2255	625	718	685	774
2256	626	627	686	687
2257	626	630	686	690
2258	626	631	686	691
2259	626	654	686	714
2260	626	658	686	718
2261	627	628	687	688
2262	627	779	687	831
2263	628	629	688	689
2264	629	630	689	690
2265	629	654	689	714
2266	629	716	689	772
2267	629	744	689	798
2268	629	746	689	800
2269	629	758	689	812
2270	630	631	690	691
2271	630	632	690	692
2272	630	716	690	772
2273	631	632	691	692
2274	631	635	691	695
2275	631	637	691	697
2276	631	654	691	714
2277	631	655	691	715
2278	631	658	691	718
2279	631	660	691	720
2280	631	687	691	747
2281	631	716	691	772
2282	632	633	692	693
2283	632	634	692	694
2284	632	635	692	695
2285	632	715	692	771
2286	633	634	693	694
2287	633	659	693	719
2288	633	660	693	720
2289	634	635	694	695
2290	635	636	695	696
2291	635	660	695	720
2292	635	661	695	721
2293	635	686	695	746
2294	635	687	695	747
2295	635	715	695	771
2296	635	716	695	772
2297	636	637	696	697
2298	636	661	696	721
2299	636	663	696	723
2300	636	684	696	744
2301	636	685	696	745
2302	637	638	697	698
2303	637	655	697	715
2304	637	662	697	722
2305	637	685	697	745
2306	637	687	697	747
2307	638	639	698	699
2308	638	640	698	700
2309	638	651	698	711
2310	638	662	698	722
2311	638	663	698	723
2312	638	665	698	725
2313	638	676	698	736
2314	638	679	698	739
2315	638	680	698	740
2316	638	685	698	745
2317	638	688	698	748
2318	639	640	699	700
2319	639	641	699	701
2320	639	643	699	703
2321	639	648	699	708
2322	639	651	699	711
2323	639	652	699	712
2324	639	662	699	722
2325	639	664	699	724
2326	639	665	699	725
2327	640	641	700	701
2328	640	642	700	702
2329	640	651	700	711
2330	640	665	700	725
2331	640	688	700	748
2332	640	689	700	749
2333	640	690	700	750
2334	641	642	701	702
2335	641	645	701	705
2336	641	647	701	707
2337	641	648	701	708
2338	641	651	701	711
2339	641	689	701	749
2340	642	643	702	703
2341	642	644	702	704
2342	642	645	702	705
2343	642	648	702	708
2344	642	946	702	997
2345	643	644	703	704
2346	643	645	703	705
2347	643	648	703	708
2348	643	652	703	712
2349	644	645	704	705
2350	645	646	705	706
2351	645	647	705	707
2352	645	648	705	708
2353	645	691	705	751
2354	645	946	705	997
2355	645	948	705	999
2356	646	647	706	707
2357	646	648	706	708
2358	646	649	706	709
2359	646	749	706	803
2360	646	750	706	804
2361	646	753	706	807
2362	646	754	706	808
2363	647	648	707	708
2364	647	649	707	709
2365	647	650	707	710
2366	647	689	707	749
2367	647	720	707	776
2368	647	754	707	808
2369	648	649	708	709
2370	648	650	708	710
2371	648	651	708	711
2372	648	652	708	712
2373	649	650	709	710
2374	649	651	709	711
2375	649	652	709	712
2376	649	653	709	713
2377	649	754	709	808
2378	650	651	710	711
2379	650	652	710	712
2380	650	654	710	714
2381	650	687	710	747
2382	650	689	710	749
2383	650	718	710	774
2384	650	754	710	808
2385	650	755	710	809
2386	651	652	711	712
2387	651	655	711	715
2388	651	662	711	722
2389	651	689	711	749
2390	652	653	712	713
2391	652	655	712	715
2392	652	662	712	722
2393	652	664	712	724
2394	653	654	713	714
2395	653	655	713	715
2396	653	656	713	716
2397	653	657	713	717
2398	654	655	714	715
2399	654	656	714	716
2400	654	658	714	718
2401	654	687	714	747
2402	655	656	715	716
2403	655	660	715	720
2404	655	662	715	722
2405	656	657	716	717
2406	656	662	716	722
2407	657	658	717	718
2408	658	659	718	719
2409	659	660	719	720
2410	660	661	720	721
2411	661	662	721	722
2412	661	663	721	723
2413	661	683	721	743
2414	661	684	721	744
2415	662	663	722	723
2416	662	664	722	724
2417	663	664	723	724
2418	663	683	723	743
2419	663	685	723	745
2420	664	665	724	725
2421	665	666	725	726
2422	665	671	725	731
2423	665	675	725	735
2424	666	667	726	727
2425	666	670	726	730
2426	666	671	726	731
2427	666	675	726	735
2428	667	668	727	728
2429	667	670	727	730
2430	667	671	727	731
2431	668	669	728	729
2432	668	670	728	730
2433	668	671	728	731
2434	669	670	729	730
2435	670	671	730	731
2436	671	672	731	732
2437	671	675	731	735
2438	672	673	732	733
2439	672	674	732	734
2440	672	675	732	735
2441	673	674	733	734
2442	674	675	734	735
2443	674	678	734	738
2444	675	676	735	736
2445	675	678	735	738
2446	675	679	735	739
2447	676	677	736	737
2448	676	679	736	739
2449	676	680	736	740
2450	676	690	736	750
2451	676	698	736	758
2452	677	678	737	738
2453	677	680	737	740
2454	677	681	737	741
2455	677	705	737	761
2456	677	707	737	763
2457	677	710	737	766
2458	677	711	737	767
2459	678	679	738	739
2460	678	681	738	741
2461	679	680	739	740
2462	679	682	739	742
2463	679	683	739	743
2464	680	681	740	741
2465	680	684	740	744
2466	680	685	740	745
2467	680	688	740	748
2468	680	711	740	767
2469	680	714	740	770
2470	681	682	741	742
2471	681	710	741	766
2472	681	711	741	767
2473	682	683	742	743
2474	683	684	743	744
2475	683	685	743	745
2476	684	685	744	745
2477	684	713	744	769
2478	685	686	745	746
2479	685	687	745	747
2480	685	688	745	748
2481	686	687	746	747
2482	686	714	746	770
2483	687	688	747	748
2484	687	716	747	772
2485	688	689	748	749
2486	688	690	748	750
2487	688	717	748	773
2488	689	690	749	750
2489	689	691	749	751
2490	689	718	749	774
2491	689	719	749	775
2492	689	720	749	776
2493	690	691	750	751
2494	690	694	750	754
2495	690	695	750	755
2496	690	698	750	758
2497	690	717	750	773
2498	690	719	750	775
2499	691	692	751	752
2500	691	693	751	753
2501	691	694	751	754
2502	691	722	751	778
2503	691	947	751	998
2504	691	948	751	999
2505	692	693	752	753
2506	692	694	752	754
2507	692	695	752	755
2508	692	720	752	776
2509	692	722	752	778
2510	692	723	752	779
2511	692	724	752	780
2512	692	725	752	781
2513	692	728	752	784
2514	693	694	753	754
2515	693	696	753	756
2516	693	722	753	778
2517	693	943	753	994
2518	693	947	753	998
2519	693	948	753	999
2520	693	949	753	1000
2521	694	695	754	755
2522	694	696	754	756
2523	694	943	754	994
2524	694	947	754	998
2525	695	696	755	756
2526	695	698	755	758
2527	695	699	755	759
2528	695	717	755	773
2529	695	719	755	775
2530	695	724	755	780
2531	695	728	755	784
2532	695	732	755	788
2533	696	697	756	757
2534	696	698	756	758
2535	696	699	756	759
2536	696	704	756	760
2537	696	728	756	784
2538	696	731	756	787
2539	696	885	756	937
2540	697	698	757	758
2541	697	705	757	761
2542	698	699	758	759
2543	698	705	758	761
2544	698	708	758	764
2545	698	711	758	767
2546	698	717	758	773
2547	698	732	758	788
2548	698	736	758	792
2549	699	704	759	760
2550	699	708	759	764
2551	699	728	759	784
2552	699	731	759	787
2553	699	732	759	788
2554	699	735	759	791
2555	704	705	760	761
2556	704	731	760	787
2557	704	884	760	936
2558	704	885	760	937
2559	705	706	761	762
2560	705	708	761	764
2561	706	707	762	763
2562	707	708	763	764
2563	707	709	763	765
2564	707	710	763	766
2565	708	709	764	765
2566	708	710	764	766
2567	708	735	764	791
2568	708	736	764	792
2569	709	710	765	766
2570	709	711	765	767
2571	709	712	765	768
2572	709	735	765	791
2573	709	736	765	792
2574	710	711	766	767
2575	710	712	766	768
2576	711	712	767	768
2577	711	714	767	770
2578	711	736	767	792
2579	712	713	768	769
2580	713	714	769	770
2581	714	715	770	771
2582	714	716	770	772
2583	714	717	770	773
2584	714	741	770	795
2585	715	716	771	772
2586	715	741	771	795
2587	716	717	772	773
2588	716	741	772	795
2589	717	718	773	774
2590	717	732	773	788
2591	717	741	773	795
2592	717	743	773	797
2593	718	719	774	775
2594	718	746	774	800
2595	719	720	775	776
2596	719	724	775	780
2597	719	743	775	797
2598	720	721	776	777
2599	720	755	776	809
2600	721	722	777	778
2601	721	948	777	999
2602	722	723	778	779
2603	722	948	778	999
2604	722	949	778	1000
2605	723	724	779	780
2606	723	725	779	781
2607	724	725	780	781
2608	724	728	780	784
2609	724	729	780	785
2610	724	743	780	797
2611	724	745	780	799
2612	724	770	780	824
2613	725	726	781	782
2614	725	727	781	783
2615	725	728	781	784
2616	725	770	781	824
2617	726	727	782	783
2618	726	728	782	784
2619	726	729	782	785
2620	726	730	782	786
2621	726	767	782	821
2622	726	768	782	822
2623	726	770	782	824
2624	727	728	783	784
2625	727	730	783	786
2626	728	729	784	785
2627	728	730	784	786
2628	728	731	784	787
2629	729	730	785	786
2630	729	731	785	787
2631	729	732	785	788
2632	729	743	785	797
2633	729	766	785	820
2634	729	770	785	824
2635	730	731	786	787
2636	730	733	786	789
2637	730	734	786	790
2638	730	766	786	820
2639	730	767	786	821
2640	730	768	786	822
2641	731	732	787	788
2642	731	733	787	789
2643	731	734	787	790
2644	731	735	787	791
2645	732	733	788	789
2646	732	734	788	790
2647	732	736	788	792
2648	732	741	788	795
2649	732	743	788	797
2650	733	734	789	790
2651	733	739	789	793
2652	733	761	789	815
2653	733	762	789	816
2654	733	763	789	817
2655	733	766	789	820
2656	734	735	790	791
2657	734	739	790	793
2658	735	736	791	792
2659	735	739	791	793
2660	736	739	792	793
2661	736	741	792	795
2662	739	740	793	794
2663	740	741	794	795
2664	741	742	795	796
2665	742	743	796	797
2666	742	744	796	798
2667	743	744	797	798
2668	743	761	797	815
2669	744	745	798	799
2670	744	746	798	800
2671	744	760	798	814
2672	745	746	799	800
2673	745	758	799	812
2674	745	759	799	813
2675	745	770	799	824
2676	746	747	800	801
2677	746	755	800	809
2678	746	757	800	811
2679	746	758	800	812
2680	747	748	801	802
2681	747	755	801	809
2682	747	756	801	810
2683	747	757	801	811
2684	747	774	801	826
2685	747	783	801	835
2686	747	801	801	853
2687	747	839	801	891
2688	747	841	801	893
2689	747	853	801	905
2690	748	749	802	803
2691	748	755	802	809
2692	748	756	802	810
2693	749	750	803	804
2694	749	751	803	805
2695	749	752	803	806
2696	749	803	803	855
2697	749	837	803	889
2698	749	839	803	891
2699	750	751	804	805
2700	750	752	804	806
2701	751	752	805	806
2702	751	809	805	861
2703	751	812	805	864
2704	751	823	805	875
2705	751	837	805	889
2706	752	753	806	807
2707	752	756	806	810
2708	752	803	806	855
2709	752	807	806	859
2710	752	808	806	860
2711	753	754	807	808
2712	753	807	807	859
2713	754	755	808	809
2714	755	756	809	810
2715	755	807	809	859
2716	756	757	810	811
2717	756	777	810	829
2718	756	778	810	830
2719	756	781	810	833
2720	756	783	810	835
2721	756	803	810	855
2722	756	807	810	859
2723	757	758	811	812
2724	757	774	811	826
2725	757	775	811	827
2726	757	776	811	828
2727	757	777	811	829
2728	757	778	811	830
2729	757	783	811	835
2730	757	851	811	903
2731	758	759	812	813
2732	758	774	812	826
2733	758	775	812	827
2734	759	760	813	814
2735	759	761	813	815
2736	759	766	813	820
2737	759	767	813	821
2738	759	770	813	824
2739	759	773	813	825
2740	759	774	813	826
2741	759	775	813	827
2742	759	850	813	902
2743	760	761	814	815
2744	760	762	814	816
2745	761	762	815	816
2746	761	766	815	820
2747	761	770	815	824
2748	762	763	816	817
2749	763	764	817	818
2750	763	765	817	819
2751	763	766	817	820
2752	764	765	818	819
2753	765	766	819	820
2754	765	767	819	821
2755	766	767	820	821
2756	767	768	821	822
2757	767	769	821	823
2758	767	770	821	824
2759	767	773	821	825
2760	768	769	822	823
2761	768	879	822	931
2762	769	770	823	824
2763	769	773	823	825
2764	769	852	823	904
2765	770	773	824	825
2766	773	774	825	826
2767	773	775	825	827
2768	773	846	825	898
2769	773	850	825	902
2770	774	775	826	827
2771	774	801	826	853
2772	774	851	826	903
2773	774	853	826	905
2774	775	776	827	828
2775	775	850	827	902
2776	776	777	828	829
2777	776	848	828	900
2778	776	849	828	901
2779	776	850	828	902
2780	777	778	829	830
2781	777	781	829	833
2782	777	783	829	835
2783	777	845	829	897
2784	778	779	830	831
2785	778	781	830	833
2786	778	807	830	859
2787	779	780	831	832
2788	779	781	831	833
2789	780	781	832	833
2790	780	805	832	857
2791	780	806	832	858
2792	781	782	833	834
2793	781	804	833	856
2794	781	805	833	857
2795	781	807	833	859
2796	782	783	834	835
2797	782	784	834	836
2798	782	804	834	856
2799	783	784	835	836
2800	783	801	835	853
2801	783	803	835	855
2802	783	845	835	897
2803	783	851	835	903
2804	784	785	836	837
2805	784	786	836	838
2806	784	802	836	854
2807	784	826	836	878
2808	784	828	836	880
2809	784	836	836	888
2810	785	786	837	838
2811	785	792	837	844
2812	785	793	837	845
2813	785	798	837	850
2814	785	799	837	851
2815	785	800	837	852
2816	785	843	837	895
2817	785	844	837	896
2818	785	845	837	897
2819	785	851	837	903
2820	786	787	838	839
2821	786	790	838	842
2822	786	791	838	843
2823	786	792	838	844
2824	786	793	838	845
2825	786	799	838	851
2826	786	802	838	854
2827	786	828	838	880
2828	786	836	838	888
2829	787	788	839	840
2830	787	789	839	841
2831	787	790	839	842
2832	787	791	839	843
2833	787	793	839	845
2834	788	789	840	841
2835	789	790	841	842
2836	789	791	841	843
2837	790	791	842	843
2838	790	828	842	880
2839	791	792	843	844
2840	791	828	843	880
2841	792	793	844	845
2842	792	828	844	880
2843	793	794	845	846
2844	793	797	845	849
2845	794	795	846	847
2846	794	797	846	849
2847	795	796	847	848
2848	795	845	847	897
2849	795	846	847	898
2850	795	847	847	899
2851	796	797	848	849
2852	796	844	848	896
2853	797	798	849	850
2854	797	844	849	896
2855	798	799	850	851
2856	798	842	850	894
2857	798	843	850	895
2858	798	844	850	896
2859	798	854	850	906
2860	799	800	851	852
2861	799	842	851	894
2862	800	801	852	853
2863	800	802	852	854
2864	800	838	852	890
2865	800	839	852	891
2866	800	840	852	892
2867	800	857	852	909
2868	801	802	853	854
2869	801	839	853	891
2870	801	841	853	893
2871	801	842	853	894
2872	801	843	853	895
2873	802	803	854	855
2874	802	836	854	888
2875	802	838	854	890
2876	803	804	855	856
2877	803	808	855	860
2878	803	836	855	888
2879	803	839	855	891
2880	804	805	856	857
2881	804	808	856	860
2882	804	836	856	888
2883	805	806	857	858
2884	805	808	857	860
2885	806	807	858	859
2886	807	808	859	860
2887	808	809	860	861
2888	808	835	860	887
2889	808	837	860	889
2890	809	810	861	862
2891	809	811	861	863
2892	809	823	861	875
2893	809	835	861	887
2894	810	811	862	863
2895	810	835	862	887
2896	811	812	863	864
2897	811	819	863	871
2898	811	823	863	875
2899	812	813	864	865
2900	812	815	864	867
2901	812	818	864	870
2902	812	819	864	871
2903	812	822	864	874
2904	812	823	864	875
2905	812	837	864	889
2906	813	814	865	866
2907	814	815	866	867
2908	814	816	866	868
2909	815	816	867	868
2910	815	818	867	870
2911	815	819	867	871
2912	816	817	868	869
2913	816	818	868	870
2914	816	819	868	871
2915	816	820	868	872
2916	817	818	869	870
2917	817	819	869	871
2918	817	820	869	872
2919	818	819	870	871
2920	818	821	870	873
2921	818	822	870	874
2922	819	820	871	872
2923	819	821	871	873
2924	819	823	871	875
2925	820	821	872	873
2926	821	822	873	874
2927	821	824	873	876
2928	822	823	874	875
2929	822	837	874	889
2930	822	838	874	890
2931	823	824	875	876
2932	823	835	875	887
2933	823	836	875	888
2934	823	837	875	889
2935	824	825	876	877
2936	824	835	876	887
2937	824	836	876	888
2938	824	838	876	890
2939	825	826	877	878
2940	825	827	877	879
2941	825	835	877	887
2942	825	836	877	888
2943	826	827	878	879
2944	826	828	878	880
2945	826	829	878	881
2946	826	834	878	886
2947	826	835	878	887
2948	826	836	878	888
2949	827	828	879	880
2950	828	829	880	881
2951	829	830	881	882
2952	829	831	881	883
2953	829	834	881	886
2954	830	831	882	883
2955	831	832	883	884
2956	831	834	883	886
2957	832	833	884	885
2958	833	834	885	886
2959	834	835	886	887
2960	835	836	887	888
2961	836	837	888	889
2962	837	838	889	890
2963	837	839	889	891
2964	838	839	890	891
2965	839	840	891	892
2966	839	841	891	893
2967	840	841	892	893
2968	840	856	892	908
2969	840	857	892	909
2970	841	842	893	894
2971	841	853	893	905
2972	841	855	893	907
2973	841	856	893	908
2974	842	843	894	895
2975	842	854	894	906
2976	842	855	894	907
2977	842	857	894	909
2978	842	860	894	912
2979	842	867	894	919
2980	843	844	895	896
2981	843	852	895	904
2982	843	854	895	906
2983	844	845	896	897
2984	844	846	896	898
2985	844	851	896	903
2986	844	852	896	904
2987	844	854	896	906
2988	845	846	897	898
2989	845	849	897	901
2990	845	850	897	902
2991	845	851	897	903
2992	846	847	898	899
2993	846	848	898	900
2994	846	850	898	902
2995	846	852	898	904
2996	847	848	899	900
2997	847	849	899	901
2998	848	849	900	901
2999	848	850	900	902
3000	849	850	901	902
3001	850	851	902	903
3002	851	852	903	904
3003	852	853	904	905
3004	852	854	904	906
3005	853	854	905	906
3006	853	855	905	907
3007	853	856	905	908
3008	854	855	906	907
3009	854	860	906	912
3010	854	867	906	919
3011	854	869	906	921
3012	855	856	907	908
3013	855	860	907	912
3014	856	857	908	909
3015	856	858	908	910
3016	856	859	908	911
3017	856	860	908	912
3018	857	858	909	910
3019	857	860	909	912
3020	858	859	910	911
3021	859	860	911	912
3022	860	861	912	913
3023	860	867	912	919
3024	861	862	913	914
3025	861	863	913	915
3026	861	870	913	922
3027	861	890	913	942
3028	861	897	913	950
3029	862	863	914	915
3030	862	866	914	918
3031	862	867	914	919
3032	863	864	915	916
3033	863	865	915	917
3034	863	866	915	918
3035	863	868	915	920
3036	863	896	915	949
3037	863	897	915	950
3038	863	929	915	980
3039	864	865	916	917
3040	864	866	916	918
3041	864	929	916	980
3042	865	866	917	918
3043	866	867	918	919
3044	866	868	918	920
3045	866	929	918	980
3046	867	868	919	920
3047	867	869	919	921
3048	868	869	920	921
3049	868	870	920	922
3050	868	873	920	925
3051	868	929	920	980
3052	868	930	920	981
3053	869	870	921	922
3054	869	871	921	923
3055	869	872	921	924
3056	870	871	922	923
3057	870	872	922	924
3058	870	873	922	925
3059	870	874	922	926
3060	870	888	922	940
3061	870	899	922	952
3062	871	872	923	924
3063	871	873	923	925
3064	871	874	923	926
3065	872	873	924	925
3066	872	930	924	981
3067	873	874	925	926
3068	873	875	925	927
3069	873	877	925	929
3070	873	888	925	940
3071	873	926	925	977
3072	873	930	925	981
3073	873	932	925	983
3074	874	875	926	927
3075	874	877	926	929
3076	874	886	926	938
3077	874	887	926	939
3078	874	888	926	940
3079	874	951	926	1002
3080	875	876	927	928
3081	875	879	927	931
3082	876	877	928	929
3083	876	879	928	931
3084	876	880	928	932
3085	876	922	928	973
3086	876	925	928	976
3087	876	926	928	977
3088	877	878	929	930
3089	877	879	929	931
3090	877	880	929	932
3091	877	883	929	935
3092	877	886	929	938
3093	877	888	929	940
3094	877	901	929	954
3095	877	903	929	956
3096	877	922	929	973
3097	878	879	930	931
3098	878	880	930	932
3099	878	883	930	935
3100	879	880	931	932
3101	880	881	932	933
3102	880	883	932	935
3103	880	918	932	969
3104	880	921	932	972
3105	881	882	933	934
3106	882	883	934	935
3107	882	906	934	959
3108	883	884	935	936
3109	883	885	935	937
3110	883	903	935	956
3111	883	906	935	959
3112	883	911	935	964
3113	883	918	935	969
3114	884	885	936	937
3115	884	904	936	957
3116	884	905	936	958
3117	884	906	936	959
3118	885	886	937	938
3119	885	904	937	957
3120	885	941	937	992
3121	886	887	938	939
3122	886	902	938	955
3123	886	903	938	956
3124	886	941	938	992
3125	887	888	939	940
3126	887	889	939	941
3127	887	902	939	955
3128	887	941	939	992
3129	887	949	939	1000
3130	887	951	939	1002
3131	888	889	940	941
3132	888	901	940	954
3133	889	890	941	942
3134	889	902	941	955
3135	889	951	941	1002
3136	890	891	942	944
3137	890	897	942	950
3138	890	899	942	952
3139	891	892	944	945
3140	891	897	944	950
3141	892	893	945	946
3142	892	894	945	947
3143	892	898	945	951
3144	893	894	946	947
3145	894	895	947	948
3146	894	896	947	949
3147	895	896	948	949
3148	895	897	948	950
3149	896	897	949	950
3150	897	898	950	951
3151	898	899	951	952
3152	898	900	951	953
3153	898	933	951	984
3154	898	934	951	985
3155	899	900	952	953
3156	899	929	952	980
3157	899	930	952	981
3158	899	931	952	982
3159	899	932	952	983
3160	900	901	953	954
3161	900	902	953	955
3162	900	932	953	983
3163	901	902	954	955
3164	901	903	954	956
3165	901	932	954	983
3166	901	935	954	986
3167	901	936	954	987
3168	902	903	955	956
3169	902	936	955	987
3170	902	938	955	989
3171	902	941	955	992
3172	903	904	956	957
3173	903	935	956	986
3174	903	936	956	987
3175	903	937	956	988
3176	903	941	956	992
3177	904	905	957	958
3178	904	938	957	989
3179	904	939	957	990
3180	904	940	957	991
3181	904	941	957	992
3182	905	906	958	959
3183	905	910	958	963
3184	905	911	958	964
3185	906	907	959	960
3186	906	908	959	961
3187	907	908	960	961
3188	908	909	961	962
3189	909	910	962	963
3190	910	911	963	964
3191	911	912	964	965
3192	911	918	964	969
3193	912	915	965	966
3194	912	916	965	967
3195	912	917	965	968
3196	912	918	965	969
3197	915	916	966	967
3198	915	917	966	968
3199	915	919	966	970
3200	915	935	966	986
3201	916	917	967	968
3202	916	918	967	969
3203	916	919	967	970
3204	917	918	968	969
3205	918	919	969	970
3206	918	922	969	973
3207	918	935	969	986
3208	919	920	970	971
3209	919	923	970	974
3210	919	931	970	982
3211	919	932	970	983
3212	919	933	970	984
3213	919	935	970	986
3214	920	921	971	972
3215	920	922	971	973
3216	920	923	971	974
3217	921	922	972	973
3218	922	923	973	974
3219	922	924	973	975
3220	922	926	973	977
3221	922	931	973	982
3222	922	932	973	983
3223	922	935	973	986
3224	923	924	974	975
3225	923	928	974	979
3226	923	931	974	982
3227	924	925	975	976
3228	925	926	976	977
3229	926	927	977	978
3230	926	930	977	981
3231	927	928	978	979
3232	927	929	978	980
3233	927	930	978	981
3234	927	931	978	982
3235	928	929	979	980
3236	929	930	980	981
3237	930	931	981	982
3238	930	932	981	983
3239	931	932	982	983
3240	931	935	982	986
3241	932	933	983	984
3242	932	935	983	986
3243	933	934	984	985
3244	934	935	985	986
3245	935	936	986	987
3246	936	937	987	988
3247	937	938	988	989
3248	938	939	989	990
3249	938	941	989	992
3250	938	942	989	993
3251	939	940	990	991
3252	940	941	991	992
3253	940	942	991	993
3254	941	942	992	993
3255	941	943	992	994
3256	941	949	992	1000
3257	942	943	993	994
3258	942	950	993	1001
3259	943	944	994	995
3260	943	947	994	998
3261	943	948	994	999
3262	943	949	994	1000
3263	943	950	994	1001
3264	944	945	995	996
3265	944	946	995	997
3266	944	947	995	998
3267	944	948	995	999
3268	944	949	995	1000
3269	944	950	995	1001
3270	945	946	996	997
3271	945	947	996	998
3272	946	947	997	998
3273	947	948	998	999
3274	948	949	999	1000
3275	949	950	1000	1001
3276	949	951	1000	1002
3277	950	951	1001	1002
